10
1
27899 Word.doc 17 3
2
10 Prog1.java 10 5
17 Prog2.java 8 3
6
10 Prog1.java 10 5
13 Prog2.java 9 3
17 Prog3.java 8 4
100 Prog4.java 3 15
200 Prog5.java 99 13
300 Prog6.java 14 18
5
15 Prog1.java 37 8
20 Prog2.java 17 10
21 Prog3.java 19 15
22 Prog4.java 17 9
23 Prog5.java 19 13
10 
3 Program2.doc 10 5
6 Resume.doc 5 2
7 FantasyFootball.xls 4 20
15 Sudoku.java 8 10
17 PhoneBook.xls 8 20
30 Program3.doc 10 6
31 Book.doc 1 200
100 Grades.xls 3 5
101 Recitation2.doc 7 2
1000 directions.txt 9 1
5
215 a.txt 1 100
231 b.txt 1 200
244 c.txt 1 100
312 d.txt 1 100
1000 e.txt 1 500
1000
3 Job1 10 999
6 Job2 10 999
9 Job3 10 999
12 Job4 10 999
15 Job5 10 999
18 Job6 10 999
21 Job7 10 999
24 Job8 10 999
27 Job9 10 999
30 Job10 10 999
33 Job11 10 999
36 Job12 10 999
39 Job13 10 999
42 Job14 10 999
45 Job15 10 999
48 Job16 10 999
51 Job17 10 999
54 Job18 10 999
57 Job19 10 999
60 Job20 10 999
63 Job21 10 999
66 Job22 10 999
69 Job23 10 999
72 Job24 10 999
75 Job25 10 999
78 Job26 10 999
81 Job27 10 999
84 Job28 10 999
87 Job29 10 999
90 Job30 10 999
93 Job31 10 999
96 Job32 10 999
99 Job33 10 999
102 Job34 10 999
105 Job35 10 999
108 Job36 10 999
111 Job37 10 999
114 Job38 10 999
117 Job39 10 999
120 Job40 10 999
123 Job41 10 999
126 Job42 10 999
129 Job43 10 999
132 Job44 10 999
135 Job45 10 999
138 Job46 10 999
141 Job47 10 999
144 Job48 10 999
147 Job49 10 999
150 Job50 10 999
153 Job51 10 999
156 Job52 10 999
159 Job53 10 999
162 Job54 10 999
165 Job55 10 999
168 Job56 10 999
171 Job57 10 999
174 Job58 10 999
177 Job59 10 999
180 Job60 10 999
183 Job61 10 999
186 Job62 10 999
189 Job63 10 999
192 Job64 10 999
195 Job65 10 999
198 Job66 10 999
201 Job67 10 999
204 Job68 10 999
207 Job69 10 999
210 Job70 10 999
213 Job71 10 999
216 Job72 10 999
219 Job73 10 999
222 Job74 10 999
225 Job75 10 999
228 Job76 10 999
231 Job77 10 999
234 Job78 10 999
237 Job79 10 999
240 Job80 10 999
243 Job81 10 999
246 Job82 10 999
249 Job83 10 999
252 Job84 10 999
255 Job85 10 999
258 Job86 10 999
261 Job87 10 999
264 Job88 10 999
267 Job89 10 999
270 Job90 10 999
273 Job91 10 999
276 Job92 10 999
279 Job93 10 999
282 Job94 10 999
285 Job95 10 999
288 Job96 10 999
291 Job97 10 999
294 Job98 10 999
297 Job99 10 999
300 Job100 10 999
303 Job101 10 999
306 Job102 10 999
309 Job103 10 999
312 Job104 10 999
315 Job105 10 999
318 Job106 10 999
321 Job107 10 999
324 Job108 10 999
327 Job109 10 999
330 Job110 10 999
333 Job111 10 999
336 Job112 10 999
339 Job113 10 999
342 Job114 10 999
345 Job115 10 999
348 Job116 10 999
351 Job117 10 999
354 Job118 10 999
357 Job119 10 999
360 Job120 10 999
363 Job121 10 999
366 Job122 10 999
369 Job123 10 999
372 Job124 10 999
375 Job125 10 999
378 Job126 10 999
381 Job127 10 999
384 Job128 10 999
387 Job129 10 999
390 Job130 10 999
393 Job131 10 999
396 Job132 10 999
399 Job133 10 999
402 Job134 10 999
405 Job135 10 999
408 Job136 10 999
411 Job137 10 999
414 Job138 10 999
417 Job139 10 999
420 Job140 10 999
423 Job141 10 999
426 Job142 10 999
429 Job143 10 999
432 Job144 10 999
435 Job145 10 999
438 Job146 10 999
441 Job147 10 999
444 Job148 10 999
447 Job149 10 999
450 Job150 10 999
453 Job151 10 999
456 Job152 10 999
459 Job153 10 999
462 Job154 10 999
465 Job155 10 999
468 Job156 10 999
471 Job157 10 999
474 Job158 10 999
477 Job159 10 999
480 Job160 10 999
483 Job161 10 999
486 Job162 10 999
489 Job163 10 999
492 Job164 10 999
495 Job165 10 999
498 Job166 10 999
501 Job167 10 999
504 Job168 10 999
507 Job169 10 999
510 Job170 10 999
513 Job171 10 999
516 Job172 10 999
519 Job173 10 999
522 Job174 10 999
525 Job175 10 999
528 Job176 10 999
531 Job177 10 999
534 Job178 10 999
537 Job179 10 999
540 Job180 10 999
543 Job181 10 999
546 Job182 10 999
549 Job183 10 999
552 Job184 10 999
555 Job185 10 999
558 Job186 10 999
561 Job187 10 999
564 Job188 10 999
567 Job189 10 999
570 Job190 10 999
573 Job191 10 999
576 Job192 10 999
579 Job193 10 999
582 Job194 10 999
585 Job195 10 999
588 Job196 10 999
591 Job197 10 999
594 Job198 10 999
597 Job199 10 999
600 Job200 10 999
603 Job201 10 999
606 Job202 10 999
609 Job203 10 999
612 Job204 10 999
615 Job205 10 999
618 Job206 10 999
621 Job207 10 999
624 Job208 10 999
627 Job209 10 999
630 Job210 10 999
633 Job211 10 999
636 Job212 10 999
639 Job213 10 999
642 Job214 10 999
645 Job215 10 999
648 Job216 10 999
651 Job217 10 999
654 Job218 10 999
657 Job219 10 999
660 Job220 10 999
663 Job221 10 999
666 Job222 10 999
669 Job223 10 999
672 Job224 10 999
675 Job225 10 999
678 Job226 10 999
681 Job227 10 999
684 Job228 10 999
687 Job229 10 999
690 Job230 10 999
693 Job231 10 999
696 Job232 10 999
699 Job233 10 999
702 Job234 10 999
705 Job235 10 999
708 Job236 10 999
711 Job237 10 999
714 Job238 10 999
717 Job239 10 999
720 Job240 10 999
723 Job241 10 999
726 Job242 10 999
729 Job243 10 999
732 Job244 10 999
735 Job245 10 999
738 Job246 10 999
741 Job247 10 999
744 Job248 10 999
747 Job249 10 999
750 Job250 10 999
753 Job251 10 999
756 Job252 10 999
759 Job253 10 999
762 Job254 10 999
765 Job255 10 999
768 Job256 10 999
771 Job257 10 999
774 Job258 10 999
777 Job259 10 999
780 Job260 10 999
783 Job261 10 999
786 Job262 10 999
789 Job263 10 999
792 Job264 10 999
795 Job265 10 999
798 Job266 10 999
801 Job267 10 999
804 Job268 10 999
807 Job269 10 999
810 Job270 10 999
813 Job271 10 999
816 Job272 10 999
819 Job273 10 999
822 Job274 10 999
825 Job275 10 999
828 Job276 10 999
831 Job277 10 999
834 Job278 10 999
837 Job279 10 999
840 Job280 10 999
843 Job281 10 999
846 Job282 10 999
849 Job283 10 999
852 Job284 10 999
855 Job285 10 999
858 Job286 10 999
861 Job287 10 999
864 Job288 10 999
867 Job289 10 999
870 Job290 10 999
873 Job291 10 999
876 Job292 10 999
879 Job293 10 999
882 Job294 10 999
885 Job295 10 999
888 Job296 10 999
891 Job297 10 999
894 Job298 10 999
897 Job299 10 999
900 Job300 10 999
903 Job301 10 999
906 Job302 10 999
909 Job303 10 999
912 Job304 10 999
915 Job305 10 999
918 Job306 10 999
921 Job307 10 999
924 Job308 10 999
927 Job309 10 999
930 Job310 10 999
933 Job311 10 999
936 Job312 10 999
939 Job313 10 999
942 Job314 10 999
945 Job315 10 999
948 Job316 10 999
951 Job317 10 999
954 Job318 10 999
957 Job319 10 999
960 Job320 10 999
963 Job321 10 999
966 Job322 10 999
969 Job323 10 999
972 Job324 10 999
975 Job325 10 999
978 Job326 10 999
981 Job327 10 999
984 Job328 10 999
987 Job329 10 999
990 Job330 10 999
993 Job331 10 999
996 Job332 10 999
999 Job333 10 999
1002 Job334 10 999
1005 Job335 10 999
1008 Job336 10 999
1011 Job337 10 999
1014 Job338 10 999
1017 Job339 10 999
1020 Job340 10 999
1023 Job341 10 999
1026 Job342 10 999
1029 Job343 10 999
1032 Job344 10 999
1035 Job345 10 999
1038 Job346 10 999
1041 Job347 10 999
1044 Job348 10 999
1047 Job349 10 999
1050 Job350 10 999
1053 Job351 10 999
1056 Job352 10 999
1059 Job353 10 999
1062 Job354 10 999
1065 Job355 10 999
1068 Job356 10 999
1071 Job357 10 999
1074 Job358 10 999
1077 Job359 10 999
1080 Job360 10 999
1083 Job361 10 999
1086 Job362 10 999
1089 Job363 10 999
1092 Job364 10 999
1095 Job365 10 999
1098 Job366 10 999
1101 Job367 10 999
1104 Job368 10 999
1107 Job369 10 999
1110 Job370 10 999
1113 Job371 10 999
1116 Job372 10 999
1119 Job373 10 999
1122 Job374 10 999
1125 Job375 10 999
1128 Job376 10 999
1131 Job377 10 999
1134 Job378 10 999
1137 Job379 10 999
1140 Job380 10 999
1143 Job381 10 999
1146 Job382 10 999
1149 Job383 10 999
1152 Job384 10 999
1155 Job385 10 999
1158 Job386 10 999
1161 Job387 10 999
1164 Job388 10 999
1167 Job389 10 999
1170 Job390 10 999
1173 Job391 10 999
1176 Job392 10 999
1179 Job393 10 999
1182 Job394 10 999
1185 Job395 10 999
1188 Job396 10 999
1191 Job397 10 999
1194 Job398 10 999
1197 Job399 10 999
1200 Job400 10 999
1203 Job401 10 999
1206 Job402 10 999
1209 Job403 10 999
1212 Job404 10 999
1215 Job405 10 999
1218 Job406 10 999
1221 Job407 10 999
1224 Job408 10 999
1227 Job409 10 999
1230 Job410 10 999
1233 Job411 10 999
1236 Job412 10 999
1239 Job413 10 999
1242 Job414 10 999
1245 Job415 10 999
1248 Job416 10 999
1251 Job417 10 999
1254 Job418 10 999
1257 Job419 10 999
1260 Job420 10 999
1263 Job421 10 999
1266 Job422 10 999
1269 Job423 10 999
1272 Job424 10 999
1275 Job425 10 999
1278 Job426 10 999
1281 Job427 10 999
1284 Job428 10 999
1287 Job429 10 999
1290 Job430 10 999
1293 Job431 10 999
1296 Job432 10 999
1299 Job433 10 999
1302 Job434 10 999
1305 Job435 10 999
1308 Job436 10 999
1311 Job437 10 999
1314 Job438 10 999
1317 Job439 10 999
1320 Job440 10 999
1323 Job441 10 999
1326 Job442 10 999
1329 Job443 10 999
1332 Job444 10 999
1335 Job445 10 999
1338 Job446 10 999
1341 Job447 10 999
1344 Job448 10 999
1347 Job449 10 999
1350 Job450 10 999
1353 Job451 10 999
1356 Job452 10 999
1359 Job453 10 999
1362 Job454 10 999
1365 Job455 10 999
1368 Job456 10 999
1371 Job457 10 999
1374 Job458 10 999
1377 Job459 10 999
1380 Job460 10 999
1383 Job461 10 999
1386 Job462 10 999
1389 Job463 10 999
1392 Job464 10 999
1395 Job465 10 999
1398 Job466 10 999
1401 Job467 10 999
1404 Job468 10 999
1407 Job469 10 999
1410 Job470 10 999
1413 Job471 10 999
1416 Job472 10 999
1419 Job473 10 999
1422 Job474 10 999
1425 Job475 10 999
1428 Job476 10 999
1431 Job477 10 999
1434 Job478 10 999
1437 Job479 10 999
1440 Job480 10 999
1443 Job481 10 999
1446 Job482 10 999
1449 Job483 10 999
1452 Job484 10 999
1455 Job485 10 999
1458 Job486 10 999
1461 Job487 10 999
1464 Job488 10 999
1467 Job489 10 999
1470 Job490 10 999
1473 Job491 10 999
1476 Job492 10 999
1479 Job493 10 999
1482 Job494 10 999
1485 Job495 10 999
1488 Job496 10 999
1491 Job497 10 999
1494 Job498 10 999
1497 Job499 10 999
1500 Job500 10 999
1503 Job501 10 999
1506 Job502 10 999
1509 Job503 10 999
1512 Job504 10 999
1515 Job505 10 999
1518 Job506 10 999
1521 Job507 10 999
1524 Job508 10 999
1527 Job509 10 999
1530 Job510 10 999
1533 Job511 10 999
1536 Job512 10 999
1539 Job513 10 999
1542 Job514 10 999
1545 Job515 10 999
1548 Job516 10 999
1551 Job517 10 999
1554 Job518 10 999
1557 Job519 10 999
1560 Job520 10 999
1563 Job521 10 999
1566 Job522 10 999
1569 Job523 10 999
1572 Job524 10 999
1575 Job525 10 999
1578 Job526 10 999
1581 Job527 10 999
1584 Job528 10 999
1587 Job529 10 999
1590 Job530 10 999
1593 Job531 10 999
1596 Job532 10 999
1599 Job533 10 999
1602 Job534 10 999
1605 Job535 10 999
1608 Job536 10 999
1611 Job537 10 999
1614 Job538 10 999
1617 Job539 10 999
1620 Job540 10 999
1623 Job541 10 999
1626 Job542 10 999
1629 Job543 10 999
1632 Job544 10 999
1635 Job545 10 999
1638 Job546 10 999
1641 Job547 10 999
1644 Job548 10 999
1647 Job549 10 999
1650 Job550 10 999
1653 Job551 10 999
1656 Job552 10 999
1659 Job553 10 999
1662 Job554 10 999
1665 Job555 10 999
1668 Job556 10 999
1671 Job557 10 999
1674 Job558 10 999
1677 Job559 10 999
1680 Job560 10 999
1683 Job561 10 999
1686 Job562 10 999
1689 Job563 10 999
1692 Job564 10 999
1695 Job565 10 999
1698 Job566 10 999
1701 Job567 10 999
1704 Job568 10 999
1707 Job569 10 999
1710 Job570 10 999
1713 Job571 10 999
1716 Job572 10 999
1719 Job573 10 999
1722 Job574 10 999
1725 Job575 10 999
1728 Job576 10 999
1731 Job577 10 999
1734 Job578 10 999
1737 Job579 10 999
1740 Job580 10 999
1743 Job581 10 999
1746 Job582 10 999
1749 Job583 10 999
1752 Job584 10 999
1755 Job585 10 999
1758 Job586 10 999
1761 Job587 10 999
1764 Job588 10 999
1767 Job589 10 999
1770 Job590 10 999
1773 Job591 10 999
1776 Job592 10 999
1779 Job593 10 999
1782 Job594 10 999
1785 Job595 10 999
1788 Job596 10 999
1791 Job597 10 999
1794 Job598 10 999
1797 Job599 10 999
1800 Job600 10 999
1803 Job601 10 999
1806 Job602 10 999
1809 Job603 10 999
1812 Job604 10 999
1815 Job605 10 999
1818 Job606 10 999
1821 Job607 10 999
1824 Job608 10 999
1827 Job609 10 999
1830 Job610 10 999
1833 Job611 10 999
1836 Job612 10 999
1839 Job613 10 999
1842 Job614 10 999
1845 Job615 10 999
1848 Job616 10 999
1851 Job617 10 999
1854 Job618 10 999
1857 Job619 10 999
1860 Job620 10 999
1863 Job621 10 999
1866 Job622 10 999
1869 Job623 10 999
1872 Job624 10 999
1875 Job625 10 999
1878 Job626 10 999
1881 Job627 10 999
1884 Job628 10 999
1887 Job629 10 999
1890 Job630 10 999
1893 Job631 10 999
1896 Job632 10 999
1899 Job633 10 999
1902 Job634 10 999
1905 Job635 10 999
1908 Job636 10 999
1911 Job637 10 999
1914 Job638 10 999
1917 Job639 10 999
1920 Job640 10 999
1923 Job641 10 999
1926 Job642 10 999
1929 Job643 10 999
1932 Job644 10 999
1935 Job645 10 999
1938 Job646 10 999
1941 Job647 10 999
1944 Job648 10 999
1947 Job649 10 999
1950 Job650 10 999
1953 Job651 10 999
1956 Job652 10 999
1959 Job653 10 999
1962 Job654 10 999
1965 Job655 10 999
1968 Job656 10 999
1971 Job657 10 999
1974 Job658 10 999
1977 Job659 10 999
1980 Job660 10 999
1983 Job661 10 999
1986 Job662 10 999
1989 Job663 10 999
1992 Job664 10 999
1995 Job665 10 999
1998 Job666 10 999
2001 Job667 10 999
2004 Job668 10 999
2007 Job669 10 999
2010 Job670 10 999
2013 Job671 10 999
2016 Job672 10 999
2019 Job673 10 999
2022 Job674 10 999
2025 Job675 10 999
2028 Job676 10 999
2031 Job677 10 999
2034 Job678 10 999
2037 Job679 10 999
2040 Job680 10 999
2043 Job681 10 999
2046 Job682 10 999
2049 Job683 10 999
2052 Job684 10 999
2055 Job685 10 999
2058 Job686 10 999
2061 Job687 10 999
2064 Job688 10 999
2067 Job689 10 999
2070 Job690 10 999
2073 Job691 10 999
2076 Job692 10 999
2079 Job693 10 999
2082 Job694 10 999
2085 Job695 10 999
2088 Job696 10 999
2091 Job697 10 999
2094 Job698 10 999
2097 Job699 10 999
2100 Job700 10 999
2103 Job701 10 999
2106 Job702 10 999
2109 Job703 10 999
2112 Job704 10 999
2115 Job705 10 999
2118 Job706 10 999
2121 Job707 10 999
2124 Job708 10 999
2127 Job709 10 999
2130 Job710 10 999
2133 Job711 10 999
2136 Job712 10 999
2139 Job713 10 999
2142 Job714 10 999
2145 Job715 10 999
2148 Job716 10 999
2151 Job717 10 999
2154 Job718 10 999
2157 Job719 10 999
2160 Job720 10 999
2163 Job721 10 999
2166 Job722 10 999
2169 Job723 10 999
2172 Job724 10 999
2175 Job725 10 999
2178 Job726 10 999
2181 Job727 10 999
2184 Job728 10 999
2187 Job729 10 999
2190 Job730 10 999
2193 Job731 10 999
2196 Job732 10 999
2199 Job733 10 999
2202 Job734 10 999
2205 Job735 10 999
2208 Job736 10 999
2211 Job737 10 999
2214 Job738 10 999
2217 Job739 10 999
2220 Job740 10 999
2223 Job741 10 999
2226 Job742 10 999
2229 Job743 10 999
2232 Job744 10 999
2235 Job745 10 999
2238 Job746 10 999
2241 Job747 10 999
2244 Job748 10 999
2247 Job749 10 999
2250 Job750 10 999
2253 Job751 10 999
2256 Job752 10 999
2259 Job753 10 999
2262 Job754 10 999
2265 Job755 10 999
2268 Job756 10 999
2271 Job757 10 999
2274 Job758 10 999
2277 Job759 10 999
2280 Job760 10 999
2283 Job761 10 999
2286 Job762 10 999
2289 Job763 10 999
2292 Job764 10 999
2295 Job765 10 999
2298 Job766 10 999
2301 Job767 10 999
2304 Job768 10 999
2307 Job769 10 999
2310 Job770 10 999
2313 Job771 10 999
2316 Job772 10 999
2319 Job773 10 999
2322 Job774 10 999
2325 Job775 10 999
2328 Job776 10 999
2331 Job777 10 999
2334 Job778 10 999
2337 Job779 10 999
2340 Job780 10 999
2343 Job781 10 999
2346 Job782 10 999
2349 Job783 10 999
2352 Job784 10 999
2355 Job785 10 999
2358 Job786 10 999
2361 Job787 10 999
2364 Job788 10 999
2367 Job789 10 999
2370 Job790 10 999
2373 Job791 10 999
2376 Job792 10 999
2379 Job793 10 999
2382 Job794 10 999
2385 Job795 10 999
2388 Job796 10 999
2391 Job797 10 999
2394 Job798 10 999
2397 Job799 10 999
2400 Job800 10 999
2403 Job801 10 999
2406 Job802 10 999
2409 Job803 10 999
2412 Job804 10 999
2415 Job805 10 999
2418 Job806 10 999
2421 Job807 10 999
2424 Job808 10 999
2427 Job809 10 999
2430 Job810 10 999
2433 Job811 10 999
2436 Job812 10 999
2439 Job813 10 999
2442 Job814 10 999
2445 Job815 10 999
2448 Job816 10 999
2451 Job817 10 999
2454 Job818 10 999
2457 Job819 10 999
2460 Job820 10 999
2463 Job821 10 999
2466 Job822 10 999
2469 Job823 10 999
2472 Job824 10 999
2475 Job825 10 999
2478 Job826 10 999
2481 Job827 10 999
2484 Job828 10 999
2487 Job829 10 999
2490 Job830 10 999
2493 Job831 10 999
2496 Job832 10 999
2499 Job833 10 999
2502 Job834 10 999
2505 Job835 10 999
2508 Job836 10 999
2511 Job837 10 999
2514 Job838 10 999
2517 Job839 10 999
2520 Job840 10 999
2523 Job841 10 999
2526 Job842 10 999
2529 Job843 10 999
2532 Job844 10 999
2535 Job845 10 999
2538 Job846 10 999
2541 Job847 10 999
2544 Job848 10 999
2547 Job849 10 999
2550 Job850 10 999
2553 Job851 10 999
2556 Job852 10 999
2559 Job853 10 999
2562 Job854 10 999
2565 Job855 10 999
2568 Job856 10 999
2571 Job857 10 999
2574 Job858 10 999
2577 Job859 10 999
2580 Job860 10 999
2583 Job861 10 999
2586 Job862 10 999
2589 Job863 10 999
2592 Job864 10 999
2595 Job865 10 999
2598 Job866 10 999
2601 Job867 10 999
2604 Job868 10 999
2607 Job869 10 999
2610 Job870 10 999
2613 Job871 10 999
2616 Job872 10 999
2619 Job873 10 999
2622 Job874 10 999
2625 Job875 10 999
2628 Job876 10 999
2631 Job877 10 999
2634 Job878 10 999
2637 Job879 10 999
2640 Job880 10 999
2643 Job881 10 999
2646 Job882 10 999
2649 Job883 10 999
2652 Job884 10 999
2655 Job885 10 999
2658 Job886 10 999
2661 Job887 10 999
2664 Job888 10 999
2667 Job889 10 999
2670 Job890 10 999
2673 Job891 10 999
2676 Job892 10 999
2679 Job893 10 999
2682 Job894 10 999
2685 Job895 10 999
2688 Job896 10 999
2691 Job897 10 999
2694 Job898 10 999
2697 Job899 10 999
2700 Job900 10 999
2703 Job901 10 999
2706 Job902 10 999
2709 Job903 10 999
2712 Job904 10 999
2715 Job905 10 999
2718 Job906 10 999
2721 Job907 10 999
2724 Job908 10 999
2727 Job909 10 999
2730 Job910 10 999
2733 Job911 10 999
2736 Job912 10 999
2739 Job913 10 999
2742 Job914 10 999
2745 Job915 10 999
2748 Job916 10 999
2751 Job917 10 999
2754 Job918 10 999
2757 Job919 10 999
2760 Job920 10 999
2763 Job921 10 999
2766 Job922 10 999
2769 Job923 10 999
2772 Job924 10 999
2775 Job925 10 999
2778 Job926 10 999
2781 Job927 10 999
2784 Job928 10 999
2787 Job929 10 999
2790 Job930 10 999
2793 Job931 10 999
2796 Job932 10 999
2799 Job933 10 999
2802 Job934 10 999
2805 Job935 10 999
2808 Job936 10 999
2811 Job937 10 999
2814 Job938 10 999
2817 Job939 10 999
2820 Job940 10 999
2823 Job941 10 999
2826 Job942 10 999
2829 Job943 10 999
2832 Job944 10 999
2835 Job945 10 999
2838 Job946 10 999
2841 Job947 10 999
2844 Job948 10 999
2847 Job949 10 999
2850 Job950 10 999
2853 Job951 10 999
2856 Job952 10 999
2859 Job953 10 999
2862 Job954 10 999
2865 Job955 10 999
2868 Job956 10 999
2871 Job957 10 999
2874 Job958 10 999
2877 Job959 10 999
2880 Job960 10 999
2883 Job961 10 999
2886 Job962 10 999
2889 Job963 10 999
2892 Job964 10 999
2895 Job965 10 999
2898 Job966 10 999
2901 Job967 10 999
2904 Job968 10 999
2907 Job969 10 999
2910 Job970 10 999
2913 Job971 10 999
2916 Job972 10 999
2919 Job973 10 999
2922 Job974 10 999
2925 Job975 10 999
2928 Job976 10 999
2931 Job977 10 999
2934 Job978 10 999
2937 Job979 10 999
2940 Job980 10 999
2943 Job981 10 999
2946 Job982 10 999
2949 Job983 10 999
2952 Job984 10 999
2955 Job985 10 999
2958 Job986 10 999
2961 Job987 10 999
2964 Job988 10 999
2967 Job989 10 999
2970 Job990 10 999
2973 Job991 10 999
2976 Job992 10 999
2979 Job993 10 999
2982 Job994 10 999
2985 Job995 10 999
2988 Job996 10 999
2991 Job997 10 999
2994 Job998 10 999
2997 Job999 10 999
3000 Job1000 10 999
100
1 Job1 100 999
2 Job2 99 999
3 Job3 98 999
4 Job4 97 999
5 Job5 96 999
6 Job6 95 999
7 Job7 94 999
8 Job8 93 999
9 Job9 92 999
10 Job10 91 999
11 Job11 90 999
12 Job12 89 999
13 Job13 88 999
14 Job14 87 999
15 Job15 86 999
16 Job16 85 999
17 Job17 84 999
18 Job18 83 999
19 Job19 82 999
20 Job20 81 999
21 Job21 80 999
22 Job22 79 999
23 Job23 78 999
24 Job24 77 999
25 Job25 76 999
26 Job26 75 999
27 Job27 74 999
28 Job28 73 999
29 Job29 72 999
30 Job30 71 999
31 Job31 70 999
32 Job32 69 999
33 Job33 68 999
34 Job34 67 999
35 Job35 66 999
36 Job36 65 999
37 Job37 64 999
38 Job38 63 999
39 Job39 62 999
40 Job40 61 999
41 Job41 60 999
42 Job42 59 999
43 Job43 58 999
44 Job44 57 999
45 Job45 56 999
46 Job46 55 999
47 Job47 54 999
48 Job48 53 999
49 Job49 52 999
50 Job50 51 999
51 Job51 50 999
52 Job52 49 999
53 Job53 48 999
54 Job54 47 999
55 Job55 46 999
56 Job56 45 999
57 Job57 44 999
58 Job58 43 999
59 Job59 42 999
60 Job60 41 999
61 Job61 40 999
62 Job62 39 999
63 Job63 38 999
64 Job64 37 999
65 Job65 36 999
66 Job66 35 999
67 Job67 34 999
68 Job68 33 999
69 Job69 32 999
70 Job70 31 999
71 Job71 30 999
72 Job72 29 999
73 Job73 28 999
74 Job74 27 999
75 Job75 26 999
76 Job76 25 999
77 Job77 24 999
78 Job78 23 999
79 Job79 22 999
80 Job80 21 999
81 Job81 20 999
82 Job82 19 999
83 Job83 18 999
84 Job84 17 999
85 Job85 16 999
86 Job86 15 999
87 Job87 14 999
88 Job88 13 999
89 Job89 12 999
90 Job90 11 999
91 Job91 10 999
92 Job92 9 999
93 Job93 8 999
94 Job94 7 999
95 Job95 6 999
96 Job96 5 999
97 Job97 4 999
98 Job98 3 999
99 Job99 2 999
100 Job100 1 999
500
3 Job1 77 16
6 Job2 70 5
9 Job3 42 18
12 Job4 16 44
15 Job5 8 43
18 Job6 6 5
21 Job7 29 5
24 Job8 17 34
27 Job9 91 24
30 Job10 24 21
33 Job11 93 3
36 Job12 19 37
39 Job13 95 26
42 Job14 53 27
45 Job15 56 14
48 Job16 17 23
51 Job17 46 28
54 Job18 14 28
57 Job19 26 5
60 Job20 78 35
63 Job21 37 22
66 Job22 53 8
69 Job23 28 17
72 Job24 77 47
75 Job25 44 23
78 Job26 22 45
81 Job27 53 33
84 Job28 91 19
87 Job29 43 19
90 Job30 10 27
93 Job31 74 40
96 Job32 39 31
99 Job33 36 37
102 Job34 89 30
105 Job35 3 30
108 Job36 69 13
111 Job37 46 18
114 Job38 37 6
117 Job39 91 28
120 Job40 42 29
123 Job41 11 19
126 Job42 25 18
129 Job43 11 22
132 Job44 39 49
135 Job45 4 10
138 Job46 14 43
141 Job47 56 26
144 Job48 11 6
147 Job49 65 41
150 Job50 72 12
153 Job51 45 8
156 Job52 56 43
159 Job53 99 43
162 Job54 22 32
165 Job55 26 35
168 Job56 65 5
171 Job57 1 3
174 Job58 77 28
177 Job59 19 5
180 Job60 95 34
183 Job61 90 49
186 Job62 15 25
189 Job63 33 50
192 Job64 43 25
195 Job65 87 17
198 Job66 18 43
201 Job67 44 27
204 Job68 52 34
207 Job69 53 12
210 Job70 59 40
213 Job71 44 31
216 Job72 49 30
219 Job73 58 44
222 Job74 28 3
225 Job75 63 15
228 Job76 11 32
231 Job77 85 1
234 Job78 14 2
237 Job79 42 14
240 Job80 5 26
243 Job81 67 47
246 Job82 90 24
249 Job83 23 10
252 Job84 38 16
255 Job85 97 36
258 Job86 86 36
261 Job87 51 34
264 Job88 40 18
267 Job89 87 7
270 Job90 19 10
273 Job91 33 21
276 Job92 33 50
279 Job93 57 25
282 Job94 22 41
285 Job95 85 6
288 Job96 76 29
291 Job97 66 7
294 Job98 13 13
297 Job99 63 37
300 Job100 3 17
303 Job101 35 30
306 Job102 66 18
309 Job103 60 18
312 Job104 53 50
315 Job105 14 20
318 Job106 98 8
321 Job107 21 35
324 Job108 5 12
327 Job109 92 7
330 Job110 65 22
333 Job111 3 17
336 Job112 43 12
339 Job113 64 22
342 Job114 42 13
345 Job115 71 33
348 Job116 5 11
351 Job117 78 28
354 Job118 40 28
357 Job119 37 22
360 Job120 18 28
363 Job121 58 8
366 Job122 57 21
369 Job123 41 32
372 Job124 1 34
375 Job125 61 14
378 Job126 94 18
381 Job127 71 24
384 Job128 97 9
387 Job129 2 30
390 Job130 70 24
393 Job131 56 14
396 Job132 68 31
399 Job133 75 17
402 Job134 7 24
405 Job135 56 11
408 Job136 50 4
411 Job137 47 41
414 Job138 93 13
417 Job139 73 22
420 Job140 72 17
423 Job141 1 3
426 Job142 37 49
429 Job143 39 36
432 Job144 79 10
435 Job145 48 11
438 Job146 48 4
441 Job147 38 47
444 Job148 96 31
447 Job149 56 32
450 Job150 35 50
453 Job151 97 2
456 Job152 54 13
459 Job153 40 44
462 Job154 99 43
465 Job155 38 48
468 Job156 36 43
471 Job157 27 48
474 Job158 60 37
477 Job159 70 50
480 Job160 34 35
483 Job161 91 26
486 Job162 39 46
489 Job163 84 28
492 Job164 15 29
495 Job165 7 7
498 Job166 92 37
501 Job167 57 5
504 Job168 36 26
507 Job169 83 17
510 Job170 77 11
513 Job171 87 41
516 Job172 66 49
519 Job173 72 24
522 Job174 69 31
525 Job175 27 25
528 Job176 94 8
531 Job177 58 23
534 Job178 90 15
537 Job179 64 12
540 Job180 33 46
543 Job181 71 48
546 Job182 3 48
549 Job183 88 20
552 Job184 59 9
555 Job185 95 20
558 Job186 72 35
561 Job187 31 33
564 Job188 33 44
567 Job189 48 11
570 Job190 26 39
573 Job191 69 9
576 Job192 95 4
579 Job193 57 50
582 Job194 38 2
585 Job195 37 16
588 Job196 43 17
591 Job197 73 11
594 Job198 25 1
597 Job199 65 6
600 Job200 15 45
603 Job201 66 20
606 Job202 39 30
609 Job203 78 38
612 Job204 52 7
615 Job205 25 6
618 Job206 90 32
621 Job207 84 40
624 Job208 9 1
627 Job209 45 31
630 Job210 28 32
633 Job211 54 27
636 Job212 29 13
639 Job213 62 1
642 Job214 63 42
645 Job215 73 5
648 Job216 17 28
651 Job217 91 50
654 Job218 30 2
657 Job219 9 47
660 Job220 60 33
663 Job221 53 45
666 Job222 94 45
669 Job223 35 48
672 Job224 95 4
675 Job225 19 13
678 Job226 70 43
681 Job227 99 25
684 Job228 8 21
687 Job229 94 20
690 Job230 98 43
693 Job231 23 30
696 Job232 24 2
699 Job233 26 30
702 Job234 5 6
705 Job235 70 27
708 Job236 26 2
711 Job237 92 41
714 Job238 31 7
717 Job239 38 30
720 Job240 1 16
723 Job241 35 11
726 Job242 11 24
729 Job243 41 22
732 Job244 4 46
735 Job245 26 43
738 Job246 44 48
741 Job247 90 19
744 Job248 91 31
747 Job249 63 2
750 Job250 74 14
753 Job251 1 44
756 Job252 71 5
759 Job253 75 36
762 Job254 78 23
765 Job255 69 31
768 Job256 57 41
771 Job257 53 31
774 Job258 37 15
777 Job259 20 5
780 Job260 29 12
783 Job261 37 44
786 Job262 28 45
789 Job263 80 47
792 Job264 40 18
795 Job265 43 27
798 Job266 55 49
801 Job267 68 39
804 Job268 31 32
807 Job269 94 11
810 Job270 41 21
813 Job271 87 37
816 Job272 23 30
819 Job273 99 42
822 Job274 99 20
825 Job275 52 4
828 Job276 6 38
831 Job277 85 44
834 Job278 97 44
837 Job279 18 3
840 Job280 53 46
843 Job281 79 44
846 Job282 68 28
849 Job283 49 20
852 Job284 26 28
855 Job285 14 15
858 Job286 19 14
861 Job287 84 36
864 Job288 39 5
867 Job289 64 20
870 Job290 60 32
873 Job291 69 8
876 Job292 8 21
879 Job293 73 12
882 Job294 54 15
885 Job295 59 28
888 Job296 2 21
891 Job297 18 42
894 Job298 42 18
897 Job299 18 17
900 Job300 70 1
903 Job301 4 45
906 Job302 3 20
909 Job303 68 37
912 Job304 16 39
915 Job305 17 49
918 Job306 75 22
921 Job307 72 4
924 Job308 22 30
927 Job309 54 39
930 Job310 10 47
933 Job311 37 18
936 Job312 88 39
939 Job313 11 42
942 Job314 55 8
945 Job315 71 50
948 Job316 1 8
951 Job317 2 2
954 Job318 95 49
957 Job319 60 1
960 Job320 42 44
963 Job321 48 39
966 Job322 89 42
969 Job323 16 29
972 Job324 45 15
975 Job325 51 15
978 Job326 67 7
981 Job327 20 37
984 Job328 23 9
987 Job329 30 47
990 Job330 99 37
993 Job331 74 10
996 Job332 26 38
999 Job333 4 2
1002 Job334 52 49
1005 Job335 24 39
1008 Job336 22 31
1011 Job337 40 50
1014 Job338 63 32
1017 Job339 15 22
1020 Job340 96 30
1023 Job341 7 25
1026 Job342 26 27
1029 Job343 3 44
1032 Job344 18 36
1035 Job345 91 49
1038 Job346 68 43
1041 Job347 27 44
1044 Job348 10 15
1047 Job349 69 50
1050 Job350 51 19
1053 Job351 16 17
1056 Job352 31 28
1059 Job353 56 36
1062 Job354 24 2
1065 Job355 80 6
1068 Job356 57 14
1071 Job357 59 2
1074 Job358 17 39
1077 Job359 24 30
1080 Job360 9 26
1083 Job361 11 3
1086 Job362 67 16
1089 Job363 66 19
1092 Job364 71 18
1095 Job365 62 28
1098 Job366 88 26
1101 Job367 65 28
1104 Job368 6 7
1107 Job369 61 47
1110 Job370 39 17
1113 Job371 79 19
1116 Job372 43 37
1119 Job373 37 1
1122 Job374 56 32
1125 Job375 3 22
1128 Job376 8 41
1131 Job377 86 8
1134 Job378 53 21
1137 Job379 82 33
1140 Job380 16 49
1143 Job381 12 43
1146 Job382 97 46
1149 Job383 73 24
1152 Job384 48 28
1155 Job385 62 45
1158 Job386 23 46
1161 Job387 12 13
1164 Job388 87 11
1167 Job389 89 25
1170 Job390 31 17
1173 Job391 5 47
1176 Job392 68 28
1179 Job393 3 6
1182 Job394 97 26
1185 Job395 65 45
1188 Job396 87 32
1191 Job397 96 42
1194 Job398 92 8
1197 Job399 41 10
1200 Job400 66 46
1203 Job401 78 29
1206 Job402 52 31
1209 Job403 26 17
1212 Job404 65 8
1215 Job405 29 20
1218 Job406 99 6
1221 Job407 31 4
1224 Job408 90 5
1227 Job409 59 40
1230 Job410 76 49
1233 Job411 76 20
1236 Job412 49 10
1239 Job413 56 36
1242 Job414 37 5
1245 Job415 23 6
1248 Job416 29 28
1251 Job417 31 30
1254 Job418 27 7
1257 Job419 45 6
1260 Job420 26 45
1263 Job421 9 33
1266 Job422 30 2
1269 Job423 31 10
1272 Job424 36 8
1275 Job425 29 28
1278 Job426 78 13
1281 Job427 44 30
1284 Job428 82 10
1287 Job429 32 38
1290 Job430 41 15
1293 Job431 1 10
1296 Job432 54 33
1299 Job433 61 10
1302 Job434 37 40
1305 Job435 33 42
1308 Job436 67 29
1311 Job437 21 29
1314 Job438 53 7
1317 Job439 45 44
1320 Job440 79 2
1323 Job441 36 45
1326 Job442 48 18
1329 Job443 84 22
1332 Job444 21 23
1335 Job445 22 9
1338 Job446 76 40
1341 Job447 88 38
1344 Job448 17 2
1347 Job449 76 30
1350 Job450 69 32
1353 Job451 71 17
1356 Job452 21 17
1359 Job453 19 21
1362 Job454 44 33
1365 Job455 69 17
1368 Job456 80 10
1371 Job457 59 19
1374 Job458 44 22
1377 Job459 49 2
1380 Job460 99 38
1383 Job461 74 26
1386 Job462 25 49
1389 Job463 59 14
1392 Job464 85 21
1395 Job465 15 28
1398 Job466 30 32
1401 Job467 70 18
1404 Job468 73 36
1407 Job469 70 17
1410 Job470 31 34
1413 Job471 40 44
1416 Job472 81 44
1419 Job473 67 43
1422 Job474 32 31
1425 Job475 90 20
1428 Job476 39 2
1431 Job477 92 2
1434 Job478 44 39
1437 Job479 93 30
1440 Job480 80 29
1443 Job481 37 7
1446 Job482 94 11
1449 Job483 3 49
1452 Job484 1 15
1455 Job485 25 22
1458 Job486 27 45
1461 Job487 54 37
1464 Job488 27 7
1467 Job489 71 46
1470 Job490 92 15
1473 Job491 64 27
1476 Job492 43 29
1479 Job493 75 29
1482 Job494 63 12
1485 Job495 64 16
1488 Job496 59 8
1491 Job497 47 40
1494 Job498 85 50
1497 Job499 58 15
1500 Job500 41 35
243
79 Job1 83 286
86 Job2 31 261
135 Job3 40 270
151 Job4 41 186
185 Job5 51 181
213 Job6 12 126
253 Job7 68 475
287 Job8 38 287
348 Job9 98 466
363 Job10 66 392
415 Job11 63 470
495 Job12 97 453
579 Job13 38 315
588 Job14 13 478
620 Job15 37 116
636 Job16 35 495
675 Job17 60 230
693 Job18 45 50
702 Job19 52 339
718 Job20 45 66
757 Job21 57 466
828 Job22 19 97
924 Job23 28 477
961 Job24 73 79
1035 Job25 87 289
1098 Job26 76 106
1150 Job27 4 131
1202 Job28 10 170
1235 Job29 75 497
1280 Job30 91 414
1300 Job31 37 40
1340 Job32 98 50
1365 Job33 3 433
1444 Job34 31 286
1532 Job35 4 288
1605 Job36 48 222
1677 Job37 30 219
1735 Job38 65 183
1767 Job39 56 164
1771 Job40 69 415
1778 Job41 64 452
1821 Job42 75 108
1879 Job43 61 490
1885 Job44 61 155
1909 Job45 11 334
1947 Job46 33 348
1978 Job47 34 442
2042 Job48 20 270
2080 Job49 75 436
2163 Job50 4 270
2168 Job51 44 140
2216 Job52 14 155
2287 Job53 84 255
2361 Job54 29 256
2397 Job55 44 193
2457 Job56 10 460
2495 Job57 83 131
2523 Job58 93 187
2576 Job59 32 347
2647 Job60 51 378
2660 Job61 90 328
2740 Job62 5 227
2823 Job63 35 13
2916 Job64 25 487
2945 Job65 88 164
2965 Job66 55 11
3020 Job67 62 161
3091 Job68 73 116
3152 Job69 19 48
3217 Job70 18 122
3269 Job71 1 385
3288 Job72 51 445
3316 Job73 32 76
3350 Job74 42 63
3439 Job75 37 366
3452 Job76 3 495
3526 Job77 71 42
3528 Job78 71 178
3597 Job79 91 32
3611 Job80 21 425
3685 Job81 8 217
3763 Job82 41 285
3854 Job83 19 323
3952 Job84 55 454
3972 Job85 67 178
4006 Job86 74 487
4064 Job87 80 272
4130 Job88 2 411
4135 Job89 49 194
4217 Job90 58 385
4275 Job91 20 444
4340 Job92 12 361
4409 Job93 23 305
4498 Job94 29 142
4509 Job95 23 287
4511 Job96 94 351
4580 Job97 63 185
4649 Job98 72 13
4719 Job99 83 12
4812 Job100 36 241
4857 Job101 45 240
4919 Job102 40 188
5017 Job103 96 333
5070 Job104 29 194
5133 Job105 18 38
5220 Job106 19 426
5320 Job107 98 197
5381 Job108 95 224
5384 Job109 96 260
5483 Job110 6 138
5540 Job111 3 52
5639 Job112 10 318
5643 Job113 16 243
5691 Job114 32 203
5710 Job115 3 229
5806 Job116 74 455
5895 Job117 30 464
5994 Job118 58 439
6011 Job119 60 151
6074 Job120 28 381
6172 Job121 89 438
6261 Job122 55 224
6273 Job123 52 317
6285 Job124 94 317
6308 Job125 5 1
6316 Job126 41 417
6364 Job127 42 372
6404 Job128 43 278
6459 Job129 24 268
6519 Job130 84 228
6586 Job131 80 41
6594 Job132 75 442
6595 Job133 28 301
6668 Job134 43 322
6721 Job135 6 261
6802 Job136 12 497
6853 Job137 77 43
6855 Job138 35 418
6950 Job139 67 46
7045 Job140 91 133
7142 Job141 74 40
7216 Job142 33 246
7237 Job143 45 406
7303 Job144 9 282
7362 Job145 59 231
7433 Job146 15 165
7531 Job147 88 19
7589 Job148 34 420
7623 Job149 92 223
7696 Job150 71 304
7731 Job151 52 420
7770 Job152 67 169
7860 Job153 87 4
7878 Job154 58 37
7972 Job155 15 23
8057 Job156 65 103
8087 Job157 3 375
8114 Job158 71 82
8200 Job159 62 69
8282 Job160 35 43
8285 Job161 30 114
8317 Job162 61 462
8381 Job163 86 424
8479 Job164 12 280
8539 Job165 20 478
8593 Job166 54 5
8628 Job167 41 72
8695 Job168 29 24
8795 Job169 16 64
8810 Job170 6 481
8891 Job171 87 242
8986 Job172 70 449
9057 Job173 86 380
9125 Job174 22 374
9166 Job175 7 243
9262 Job176 25 101
9356 Job177 48 108
9384 Job178 78 175
9411 Job179 75 387
9480 Job180 87 427
9531 Job181 85 70
9536 Job182 26 473
9562 Job183 19 230
9579 Job184 20 55
9600 Job185 79 293
9635 Job186 9 450
9665 Job187 66 391
9731 Job188 57 447
9779 Job189 61 299
9785 Job190 18 253
9846 Job191 75 282
9847 Job192 61 341
9894 Job193 8 328
9949 Job194 92 29
10005 Job195 57 330
10010 Job196 42 402
10075 Job197 80 190
10119 Job198 13 229
10209 Job199 87 49
10297 Job200 12 228
10372 Job201 23 230
10429 Job202 72 75
10467 Job203 54 300
10527 Job204 6 359
10625 Job205 8 64
10719 Job206 88 363
10737 Job207 33 85
10787 Job208 11 114
10843 Job209 8 308
10934 Job210 86 50
10984 Job211 32 388
11082 Job212 26 60
11177 Job213 74 369
11264 Job214 18 312
11305 Job215 3 328
11338 Job216 49 58
11397 Job217 53 164
11431 Job218 14 488
11463 Job219 32 263
11561 Job220 10 281
11590 Job221 68 210
11601 Job222 93 64
11686 Job223 99 463
11753 Job224 60 210
11827 Job225 80 23
11912 Job226 75 20
11942 Job227 96 66
11950 Job228 48 26
11987 Job229 75 88
12015 Job230 92 89
12107 Job231 44 194
12172 Job232 97 416
12190 Job233 44 333
12232 Job234 64 99
12255 Job235 79 477
12269 Job236 66 157
12335 Job237 36 124
12373 Job238 5 281
12435 Job239 99 79
12479 Job240 54 439
12564 Job241 72 184
12609 Job242 19 3
12645 Job243 84 397

